function [ppos204, flag_data_min] = getOptimumPpos204()

ppos204 = [13 29 36 43 55 64 69 86 95 96 124 129 136 138 140 155 163 164 173 185 190 196 208 233 237 246 253 261 264 267 281 284 287 313 319 326 327 335 355 375 400 408 411 417 422 428 436 437 440 453 460 471 479 504 509 514 520 531 534 540 543 544 547 557 587 596 609 634 660 670 681 683 691 692 713 715 718 744 754 759 761 762 767 825 875 876 883 893 900 917 923 935 952 953 959 971 977 989 994 1024 1030 1033 1034 1061 1073 1091 1102 1131 1139 1143 1144 1156 1179 1181 1186 1197 1233 1252 1255 1259 1269 1271 1278 1296 1299 1331 1332 1336 1339 1342 1347 1364 1371 1395 1420 1433 1436 1448 1449 1463 1471 1480 1483 1489 1504 1509 1512 1517 1521 1525 1538 1541 1547 1571 1576 1587 1589 1602 1613 1631 1644 1649 1650 1659 1669 1687 1697 1701 1704 1705 1711 1725 1735 1745 1750 1753 1765 1794 1798 1815 1821 1823 1836 1846 1853 1870 1871 1893 1915 1921 1933 1934 1938 1948 1958 1966 1974 1985 1986 1990 1999 2000 2033 2036;4 22 65 66 70 72 77 82 89 98 103 105 107 115 125 139 142 147 167 169 174 182 187 189 194 195 203 204 207 212 218 221 239 257 269 279 290 300 309 311 318 328 334 350 366 368 372 373 374 377 384 394 398 413 421 434 508 524 542 555 597 613 614 622 627 628 635 638 646 654 657 674 689 693 706 717 723 727 731 737 741 768 773 784 792 800 801 809 818 831 832 839 850 855 877 885 938 941 955 956 967 970 996 1001 1038 1053 1055 1067 1080 1087 1090 1101 1106 1116 1120 1127 1129 1130 1138 1148 1153 1180 1185 1189 1205 1210 1216 1222 1242 1257 1275 1284 1298 1317 1330 1337 1340 1345 1350 1355 1358 1361 1368 1383 1402 1414 1415 1447 1455 1460 1461 1492 1494 1500 1507 1513 1534 1551 1564 1580 1581 1585 1600 1610 1643 1666 1667 1671 1681 1690 1700 1703 1728 1740 1759 1766 1767 1768 1770 1786 1793 1799 1835 1838 1862 1877 1884 1888 1889 1901 1911 1946 1956 1964 1968 1969 1991 2002 2008 2026 2027 2034 2041 2046;6 7 8 21 52 79 83 101 112 117 122 128 144 150 152 156 168 170 201 210 225 228 240 248 262 270 276 289 293 297 298 303 315 317 324 331 333 338 346 381 403 412 424 431 432 439 445 451 454 505 537 546 552 553 560 563 592 599 601 610 611 612 616 630 637 653 655 671 679 686 688 697 705 708 733 748 757 772 776 795 796 806 820 824 827 833 843 848 856 863 865 866 870 871 881 899 907 910 931 963 974 1004 1005 1017 1022 1037 1040 1048 1054 1062 1064 1066 1071 1075 1078 1081 1088 1096 1098 1104 1111 1123 1135 1136 1140 1147 1161 1162 1177 1183 1198 1199 1219 1225 1227 1248 1270 1279 1302 1308 1309 1333 1334 1349 1352 1353 1359 1369 1372 1376 1377 1386 1387 1397 1398 1406 1407 1437 1442 1445 1450 1458 1465 1468 1477 1511 1523 1526 1546 1575 1579 1628 1646 1647 1648 1672 1673 1699 1707 1710 1718 1727 1737 1742 1763 1771 1792 1811 1845 1852 1880 1896 1899 1904 1922 1945 1954 1965 1972 1973 1982 1983 1996 2012;24 30 37 38 49 57 61 62 71 87 123 127 141 145 149 177 198 199 202 211 222 227 256 258 283 288 292 294 307 320 322 337 349 352 357 367 391 449 457 462 465 469 475 477 494 502 510 512 548 567 573 576 581 602 615 621 647 666 678 684 690 695 714 740 746 752 763 771 788 807 808 811 830 838 840 841 845 852 869 872 887 894 903 912 919 934 940 943 944 960 968 983 985 991 995 1002 1012 1013 1023 1026 1027 1036 1043 1044 1046 1058 1059 1077 1105 1107 1109 1115 1121 1145 1155 1158 1159 1167 1171 1172 1173 1192 1211 1215 1235 1241 1243 1264 1265 1274 1283 1287 1304 1310 1312 1316 1328 1341 1343 1348 1354 1380 1382 1390 1394 1400 1410 1411 1418 1424 1435 1444 1446 1462 1474 1476 1481 1484 1519 1528 1556 1557 1563 1570 1592 1604 1622 1627 1636 1665 1683 1686 1693 1708 1717 1724 1731 1733 1738 1744 1751 1752 1754 1778 1787 1800 1802 1803 1820 1831 1872 1878 1883 1891 1923 1941 1962 1984 1997 2001 2011 2024 2032 2048;1 12 14 17 23 35 44 59 60 63 68 81 85 91 108 114 116 153 154 172 178 186 205 220 223 235 241 249 251 254 266 273 286 291 296 305 314 321 336 340 353 356 358 363 370 378 379 380 382 386 388 407 419 430 433 446 450 456 466 478 481 489 496 500 501 518 539 545 559 564 574 603 617 620 662 663 668 685 701 702 703 709 711 738 742 785 793 814 815 853 862 874 886 890 895 905 909 911 913 949 962 981 982 987 988 992 993 998 1007 1010 1016 1018 1020 1057 1070 1085 1122 1132 1146 1149 1150 1154 1188 1200 1204 1209 1212 1213 1218 1223 1232 1238 1251 1273 1280 1289 1305 1313 1314 1315 1322 1356 1362 1370 1373 1374 1401 1403 1405 1416 1432 1454 1456 1466 1472 1475 1490 1497 1506 1515 1531 1532 1539 1540 1543 1550 1554 1555 1558 1574 1593 1606 1615 1645 1656 1668 1675 1692 1694 1698 1702 1732 1734 1782 1788 1796 1808 1840 1842 1844 1867 1876 1881 1894 1913 1919 1928 1971 1992 1993 2003 2018 2019 2044;3 10 15 26 32 33 76 84 88 92 97 100 113 118 134 165 175 176 180 183 197 216 217 247 260 268 271 272 280 282 304 308 312 316 329 345 347 361 365 369 376 390 392 410 426 429 442 463 468 474 476 483 484 493 499 506 523 526 528 530 533 556 558 568 571 578 586 594 604 623 629 639 672 687 700 719 725 726 730 739 750 764 775 778 779 782 786 817 819 828 836 847 849 867 880 884 904 914 916 918 920 929 930 951 958 964 975 984 1000 1019 1021 1035 1041 1042 1079 1086 1089 1095 1110 1124 1137 1142 1176 1182 1187 1191 1195 1207 1214 1231 1234 1237 1244 1249 1253 1258 1263 1272 1277 1290 1300 1311 1329 1338 1357 1360 1366 1388 1413 1423 1426 1429 1488 1493 1498 1502 1505 1542 1544 1569 1582 1586 1590 1595 1597 1605 1611 1619 1623 1624 1637 1638 1653 1654 1679 1696 1712 1714 1743 1749 1758 1769 1774 1789 1816 1827 1829 1843 1847 1849 1855 1857 1859 1863 1875 1900 1926 2021 2023 2037 2038 2039 2040 2047;9 18 28 47 50 53 58 99 102 109 130 131 132 137 179 206 274 278 285 302 306 339 351 364 387 397 404 405 415 438 448 467 472 482 488 490 513 516 517 521 532 536 538 541 554 572 580 583 588 591 600 605 608 624 631 632 636 640 641 644 645 649 680 694 696 707 724 732 747 749 765 766 780 781 791 798 802 805 816 823 835 860 868 873 889 891 898 901 906 926 932 969 990 997 1009 1011 1028 1032 1050 1052 1094 1097 1103 1114 1119 1133 1151 1157 1193 1239 1245 1246 1247 1250 1261 1267 1268 1285 1301 1321 1326 1335 1367 1378 1392 1399 1404 1408 1417 1422 1430 1431 1439 1443 1457 1464 1478 1482 1486 1487 1495 1496 1518 1520 1527 1537 1545 1560 1567 1568 1577 1599 1601 1603 1609 1617 1621 1630 1635 1657 1676 1680 1684 1706 1709 1726 1739 1777 1780 1783 1791 1797 1813 1818 1822 1832 1837 1856 1864 1868 1873 1887 1895 1897 1903 1907 1920 1936 1937 1942 1947 1953 1959 1960 1975 1987 1989 1995 2005 2009 2015 2025 2030 2045;5 25 31 39 41 46 75 78 104 111 119 120 135 146 158 159 160 200 209 213 215 219 224 234 236 238 243 244 275 295 299 323 330 332 341 354 362 409 435 444 485 486 491 495 503 515 527 562 565 566 570 577 585 589 593 598 626 633 642 651 661 665 710 716 721 729 735 736 753 755 760 774 777 783 790 803 812 821 822 829 834 837 844 851 854 878 896 908 922 925 927 928 933 936 942 945 946 947 972 1006 1014 1047 1049 1051 1060 1068 1072 1074 1076 1100 1108 1113 1118 1126 1128 1169 1174 1203 1220 1224 1236 1262 1288 1291 1293 1297 1318 1320 1344 1346 1363 1365 1385 1396 1438 1459 1470 1473 1479 1499 1514 1529 1530 1549 1552 1584 1608 1612 1626 1642 1651 1658 1660 1662 1674 1682 1713 1715 1716 1729 1741 1756 1757 1773 1775 1805 1812 1814 1817 1825 1828 1830 1833 1839 1848 1851 1858 1860 1861 1869 1874 1882 1892 1905 1910 1916 1918 1924 1927 1935 1939 1940 1957 1963 1967 1978 1979 1980 1998 2013 2014 2022 2031 2043;20 27 42 45 48 56 90 93 94 110 126 148 151 157 161 166 181 188 191 192 214 229 230 232 242 245 255 263 265 301 348 360 383 393 396 399 401 402 416 418 425 427 447 455 464 470 497 535 550 551 561 575 579 590 648 652 656 658 664 676 682 704 712 720 743 745 758 769 794 797 799 813 846 857 858 859 864 879 882 888 902 921 924 937 954 957 966 973 979 980 1029 1031 1039 1056 1065 1093 1134 1141 1152 1163 1170 1194 1208 1217 1229 1240 1254 1266 1276 1282 1292 1294 1295 1307 1319 1323 1324 1375 1379 1389 1393 1409 1412 1419 1425 1427 1440 1441 1451 1452 1453 1467 1469 1485 1501 1508 1510 1516 1522 1533 1535 1548 1553 1561 1562 1566 1572 1573 1578 1583 1591 1607 